   7 PS .935 .933 .968 .920 .993 .978 .974 .871 .912 .920 .883
   7 PS .909 .820 .882 .884 .813 .944 .892 .882 .912 .881 .879
   7 CS .860 .863 .935 .000 .846 .910 .846 .835 .719 .782 .795
   7 TR .000 .000 .814 .783 .000 .768 .749 .820 .760 .783 .722    
   7 PS .879 .864 .804 .650 .740 .766 .866 .817 .879 .733 .845
  12 PS .952 1.04 1.05 .976 .970 1.04 .861 1.02 .984 1.02 .992
  12 PS 1.02 .952 1.01 1.00 .957 .954 1.01 .911 1.03 .992 .000
  12 CS 1.03 1.01 1.02 .964 1.05 1.01 .985 .964 1.01 1.00 1.01
  12 PS 1.04 1.02 1.00 .999 1.01 .985 .999 .989 .934 1.03 1.02
  19 PS .919 .875 .000 .915 .883 .802 .802 .770 .963 .932 1.01
  19 PS .848 .786 .830 .802 .865 .827 .000 .765 .839 .798 .857
  19 CS .925 .786 .732 .770 .736 .711 .653 .832 .864 .868 .837
  19 PS .813 .880 .753 .870 .795 .902 .889 .837 .731 .808 .894
  20 PS .837 .830 .813 .832 .818 .735 .747 .787 .721 .713 .789
  20 PS .746 .690 .677 .639 .679 .000 .000 .555 .616 .645 .638
  20 CS .758 .707 .000 .628 .638 .000 .000 .690 .705 .735 .669
  20 PS .811 .767 .719 .745 .768 .683 .686 .682 .684 .702 .714
  21 PS .822 .843 .625 .810 .702 .702 .842 .865 .701 .770 .801
  21 PS .863 .913 .743 .860 .803 .889 .924 .870 .872 .859 .840
  21 CS .913 .775 .831 .668 .000 .798 .709 .729 .769 .757 .824
  21 PS .901 .777 .743 .858 .811 .751 .627 .748 .808 .669 .844
  24 CS .829 .753 .774 .716 .776 .793 .738 .731 .760 .636 .642
  24 PS .000 .000 .000 .741 .000 .000 .665 .000 .000 .730 .000
  24 TR .000 .000 .624 .540 .000 .000 .000 .000 .000 .644 .663
  30 PS .948 .896 .872 .869 .819 .852 .815 .830 .799 .728 .690
  30 PS .862 .881 .874 .874 .835 .814 .825 .772 .711 .716 .726
  30 CS .908 .902 .877 .819 .817 .821 .771 .758 .790 .735 .745
  30 PS .930 .919 .825 .895 .862 .831 .775 .725 .713 .763 .000
  30 TR .785 .700 .719 .742 .687 .749 .684 .634 .640 .686 .597
  35 PS .788 .780 .000 .854 .750 .000 .000 .764 .743 .726 .755
  35 PS .824 .868 .827 .788 .888 .000 .000 .000 .822 .793 .787
  35 CS .827 .626 .834 .780 .811 .868 .913 .914 .864 .920 .812
  35 PS .000 .000 .952 .000 .000 .980 .827 .892 .962 .836 .000
  38 PS .819 .795 .755 .741 .520 .755 .614 .800 .877 .797 .660
  38 PS .810 .735 .664 .826 .767 .604 .669 .870 .817 .590 .835
  38 CS .715 .738 .788 .768 .684 .587 .599 .643 .657 .622 .676
  38 PS .711 .712 .732 .579 .000 .587 .000 .500 .600 .000 .488
  38 TR .650 .496 .000 .623 .522 .582 .000 .000 .000 .000 .000
  41 PS .791 .834 .726 .000 .000 .000 .722 .000 .838 .827 .916
  43 PS .704 .879 .908 .898 .919 1.02 .915 1.02 1.02 .980 .961
  43 PS .900 .000 .828 .983 .785 .947 .921 1.05 1.11 .970 .934
  43 PS .705 .000 .774 .759 .663 .714 .847 .802 .000 .000 .948
  43 TR .674 .646 .626 .639 .640 .665 .655 .661 .724 .700 .661
  60 PS .925 .997 .000 .929 .919 .881 .000 .906 .977 .878 .901
  60 PS 1.02 .933 .000 1.03 .000 .000 .000 .938 .990 .927 1.03
  60 CS 1.00 .958 .938 1.02 .956 .909 1.04 .902 .956 .939 .954
  60 PS .000 .954 .966 .941 .958 1.03 .838 .000 .000 .904 .855
  60 TR .867 .000 .000 .866 .789 .802 .824 .851 .771 .779 .000
  74 PS .835 .840 .807 .766 .877 .908 .000 .000 .000 .804 .816
  74 PS .872 .000 .867 .919 .795 .756 .854 .945 .842 .000 .000
  74 CS .900 .859 .764 .876 .000 .000 .000 .000 .000 .902 .867
  74 PS .787 .920 .841 .753 .000 .913 .876 .887 .000 .000 .859
  74 TR .719 .711 .748 .808 .701 .833 .000 .794 .749 .758 .732
  75 PS .000 .000 .000 .000 .924 .924 1.00 .986 .962 1.02 .991
  75 PS .940 .971 .760 .983 .998 .894 .856 .942 .937 .965 .936
  75 CS .978 1.03 .945 .999 .977 .898 .974 .951 .958 .920 .958
  75 PS .993 .971 1.00 .977 .996 .955 .972 .974 1.01 .992 .951
  75 TR .000 .000 .803 .826 .764 .815 .868 .791 .860 .000 .839
  80 PS .826 .850 .837 .847 .852 .974 .905 .934 .772 .849 .897
  80 PS .968 .965 .854 .956 .824 .923 .948 .855 .849 .849 .000
  80 CS .894 .954 .939 .938 .900 .936 .944 .884 .930 .885 .846
  80 PS .888 .841 .823 .925 .927 .946 .908 .925 .910 .895 .893
  80 TR .798 .743 .779 .000 .000 .831 .768 .780 .740 .725 .701
  81 PS .000 .885 .858 .896 .000 .844 .846 .000 .864 .909 .829
  81 PS .919 .929 .934 .835 .917 .908 .879 .900 .908 .848 .930
  81 CS .926 .867 .879 .888 .842 .816 .771 .926 .877 .904 .896
  81 PS .947 .912 .940 .919 .915 .889 .901 .874 .837 .872 .840
  81 TR .862 .926 .779 .839 .856 .000 .815 .922 .000 .000 .000
  82 CS .826 .771 .662 .000 .000 .000 .000 .000 .784 .000 .756
  82 PS .667 .000 .707 .764 .815 .000 .000 .674 .000 .891 .742
  84 PS .854 .876 .833 .778 .794 .784 .742 .758 .000 .789 .861
  84 PS .940 .940 .886 .823 .828 .895 .750 .711 .748 .894 .732
  84 CS .904 .977 .000 .838 .793 .876 .749 .747 .000 .752 .958
  84 PS .745 .691 .747 .729 .691 .648 .720 .635 .000 .000 .865
  84 TR .794 .702 .708 .649 .682 .561 .634 .672 .639 .622 .672
  96 PS .880 .000 .798 .822 .770 .815 .803 .000 .767 .000 .797
  96 PS .799 .690 .701 .738 .000 .761 .696 .679 .709 .650 .000
  96 CS .828 .844 .000 .882 .866 .813 .872 .792 .831 .772 .905
  96 PS .000 .000 .000 .787 .936 .000 .818 .725 .694 .745 .000
  96 TR .708 .740 .621 .722 .614 .000 .000 .000 .604 .534 .598
 134 TR .000 .000 .966 .926 .000 .000 .000 .916 .777 .000 .000
 134 PS .000 .000 .000 .000 .947 1.20 1.14 1.10 1.12 .871 .809
 134 CS 1.10 .982 .918 .967 1.09 1.14 .988 1.11 .958 .774 .936
 134 PS 1.04 1.03 1.12 1.19 1.19 1.27 1.18 1.26 1.10 1.03 1.28
 141 TR .000 .000 .541 .593 .614 .583 .557 .000 .738 .840 .605
 141 PS .000 .000 .000 .000 .805 .857 .842 .761 .744 .805 .713
 141 CS .000 .000 .711 .000 .780 .000 .775 .680 .000 .858 .662
 141 PS .892 .805 .740 .000 .000 .751 .751 .816 .771 .631 .000
 141 PS .884 .000 .931 .783 .000 .747 .000 .000 .819 .724 .000
 143 PS .914 .000 .949 .941 .909 .951 .902 .957 .928 .922 .000
 143 CS .934 .910 .950 .772 .877 .939 .933 .711 .853 .000 .000
 143 PS .793 .000 .951 .913 .890 .802 .801 .899 .986 .999 .829
 143 TR .702 .777 .727 .750 .000 .658 .000 .000 .718 .722 .745
 143 PS .896 .874 .893 .944 .933 .941 .892 .893 .840 .000 .829
 146 PS .784 .710 .733 .819 .786 .744 .770 .791 .831 .849 .808
 146 PS .914 .873 .844 .925 .868 .783 .701 .741 .722 .828 .000
 146 CS .865 .000 .929 .783 .000 .829 .823 .769 .905 .794 .733
 146 PS .735 .765 .823 .704 .000 .000 .000 .000 .703 .747 .000
 149 PS .000 .679 .862 .000 .778 .000 .000 .000 .000 .819 .798
 149 CS .000 .000 .734 .739 .748 .772 .696 .689 .683 .723 .673
 149 PS .808 .756 .649 .758 .733 .780 .762 .772 .746 .676 .748
 149 TR .000 .000 .000 .000 .000 .000 .000 .000 .000 .000 .000
 150 TR .829 .828 .893 .903 .948 .850 .971 .860 .879 .942 .752
 150 PS 1.01 1.12 1.08 1.05 1.06 .961 1.00 1.04 1.05 .954 1.06
 150 CS 1.21 1.15 .000 1.22 1.08 1.18 1.04 1.05 1.07 1.07 1.19
 150 PS 1.25 1.24 1.16 1.05 1.26 1.12 1.15 1.20 1.16 1.12 .000
 150 PS .000 1.23 .000 .000 1.10 1.23 1.13 1.28 1.22 1.20 1.24
 161 PS .697 .860 .874 .752 .915 .912 .764 .893 .840 .867 .852
 161 CS .642 .751 .860 .000 .918 .875 .884 .785 .857 .825 .896
 161 PS .958 .945 .920 .000 .860 .787 .863 .936 .773 .916 .745
 161 TR .813 .709 .691 .707 .000 .000 .763 .660 .746 .671 .651
 167 PS .761 .822 .812 .799 .792 .674 .882 .000 .000 .000 .000
 167 PS .000 .000 .000 .000 .000 .000 .678 .000 .000 .000 .000
 167 CS .785 .000 .000 .000 .000 .000 .000 .000 .000 .000 .000
 167 TR .855 .730 .789 .722 .000 .000 .733 .760 .000 .000 .000
 185 PS .711 .000 .644 .000 .831 .000 .000 .000 .000 .000 .000
 185 CS .909 .774 .000 .793 .847 .905 .000 .000 .978 .000 .972
 185 PS .901 .000 .000 .000 .000 .000 .000 1.16 .000 .000 .000
 185 TR .807 .847 .000 .959 .000 .000 .000 .000 .000 .855 .000
 191 PS .000 .799 .772 .755 .784 .852 .816 .767 .832 .838 .807
 191 CS .807 .811 .787 .728 .803 .000 .000 .000 .000 .000 .000
 191 PS .803 .782 .623 .828 .826 .793 .811 .750 .816 .753 .766
 202 PS .800 .937 .883 .934 .899 .838 .000 .000 .000 .850 .945
 202 CS .939 .841 .901 .917 .896 .921 .899 .804 .894 .846 .902
 202 PS .000 .841 .765 .752 .000 .870 .879 .871 .807 .833 .908
 202 TR .804 .818 .828 .827 .827 .870 .842 .770 .832 .837 .790
 221 PS .978 .891 .855 .928 .891 .980 .925 1.01 .960 1.02 .975
 221 CS .962 .930 .922 .858 .905 .793 .867 .948 .879 .916 .781
 221 PS .926 .918 .881 .848 .855 .848 .715 .796 .000 .000 .814
 221 TR .757 .756 .811 .709 .714 .743 .745 .000 .000 .000 .813
 227 PS .846 .816 .757 .863 .775 .832 .711 .625 .841 .000 .826
 227 PS .948 .877 .855 .855 .799 .763 .840 .847 .883 .830 .837
 227 TR .750 .697 .697 .000 .696 .644 .707 .000 .675 .831 .000
 233 PS .000 .930 .906 1.01 .933 .000 .862 .000 .000 .000 .000
 233 CS .873 .828 .817 .891 .854 .859 .892 .859 .883 .863 .910
 233 PS .766 .777 .702 .000 .782 .000 .868 .881 .000 .876 .900
 233 TR .740 .737 .781 .830 .772 .742 .767 .766 .769 .000 .803
 234 PS .813 .758 .000 .000 .000 .000 .000 .770 .000 .000 .773
 234 CS .842 .864 .820 .862 .857 .739 .818 .763 .797 .895 .843
 234 PS .740 .000 .000 .848 .813 .841 .731 .828 .763 .000 .000
 234 TR .697 .617 .759 .000 .600 .604 .619 .592 .000 .000 .679
 235 PS 1.01 .901 .986 .973 .830 .877 .000 .849 .000 .875 .894
 235 CS .000 .000 .947 1.01 .863 1.13 .000 .955 1.03 .895 1.06
 235 PS .961 1.10 .921 .945 .916 .919 1.00 1.02 .939 1.01 1.06
 235 TR .849 .932 .912 .000 .825 .768 .733 .857 .000 .855 .880
 245 PS .827 .000 .896 .935 1.00 .000 .000 .000 .827 .000 .000
 245 CS .844 .000 .845 .815 .903 .812 .000 .000 .000 .889 .888
 245 PS .924 .000 .891 .974 .926 .000 .000 .667 .856 .000 .884
 245 TR .782 .880 .000 .000 .709 .886 .841 .000 .000 .000 .843
 247 PS .000 .000 .808 .860 .000 .000 .861 .000 .779 .000 .000
 247 CS .000 .000 .000 .000 .000 .000 .000 .000 .000 .000 .800
 247 PS .000 .000 .000 .000 .828 .000 .000 .000 .000 .000 .000
 247 TR .000 .000 .000 .000 .707 .703 .705 .684 .819 .691 .706
 251 PS .827 .837 .881 .901 .887 .891 .906 .870 .910 .894 .931
 251 CS .868 .901 .893 .864 .831 .795 .905 .872 .873 .872 .822
 251 PS .905 .948 .926 .917 .880 .953 .902 .926 .911 .887 .855
 251 TR .800 .760 .815 .759 .828 .770 .769 .789 .730 .766 .850
 252 PS 1.00 .784 .933 .986 .000 .741 .875 .000 .000 .796 .802
 252 CS 1.02 .926 .887 .914 .922 .861 .962 .887 .802 .901 .916
 252 PS .927 .915 .793 .000 .801 .000 .000 .000 .799 .000 .000
 252 TR .904 .895 .894 .809 .864 .748 .735 .749 .801 .683 .747
 253 PS .898 .863 .859 .000 .949 .821 .873 .959 .912 .926 .878
 253 PS .898 .907 .929 .926 .852 .847 .905 .880 .000 .000 .000
 253 PS .895 .771 .997 .885 .948 .000 .843 .660 .729 .801 .893
 253 TR .634 .680 .718 .661 .656 .708 .726 .698 .802 .788 .753
 254 PS .774 .815 .000 .822 .754 .841 .000 .000 .703 .734 .698
 254 CS .643 .000 .000 .000 .000 .000 .626 .000 .000 .000 .000
 254 PS .000 .657 .000 .000 .000 .000 .000 .000 .000 .000 .729
 254 TR .742 .000 .700 .743 .748 .827 .000 .000 .000 .000 .776
 255 PS .939 .941 .901 .930 .941 .918 .919 .942 .916 .000 .930
 255 CS .921 .916 .927 .867 .938 .874 .946 .000 .865 .973 .793
 255 PS .851 .000 .000 .998 .902 .989 .809 .905 .918 .906 .857
 255 TR .871 .744 .000 .829 .758 .753 .698 .679 .804 .675 .733
 262 PS .849 .894 .923 .933 .824 .000 .861 .815 .803 .748 .872
 262 CS .767 .822 .000 .798 .806 .766 .767 .816 .820 .876 .756
 262 PS .822 .000 .886 .814 .000 .000 .739 .816 .807 .806 .750
 262 TR .582 .826 .652 .670 .703 .750 .685 .659 .688 .666 .531
